07-Apr-2021
         8
         5
    1    1    1    1    1
    0    0    0    1    1    -3.6842000    0.0000000
    0    0    0    2    1    0.0000000    0.0000000
    0    0    0    3    1    0.0000000    0.0000000
    0    0    0    4    1    0.0000000    0.0000000
    0    0    0    5    1    -5.2939000    0.0000000
    0    0    0    6    1    -4.4323414    0.0000000
    0    0    0    7    1    2.5590135    0.0000000
    0    0    0    8    1    0.0000000    0.0000000
    0    0    0    1    2    0.0000000    0.0000000
    0    0    0    2    2    0.0000000    0.0000000
    0    0    0    3    2    0.0000000    0.0000000
    0    0    0    4    2    0.0000000    0.0000000
    0    0    0    5    2    4.4323414    0.0000000
    0    0    0    6    2    2.5313138    0.0000000
    0    0    0    7    2    -3.0362872    0.0000000
    0    0    0    8    2    0.0000000    0.0000000
    0    0    0    1    3    0.0000000    0.0000000
    0    0    0    2    3    0.0000000    0.0000000
    0    0    0    3    3    0.0000000    0.0000000
    0    0    0    4    3    0.0000000    0.0000000
    0    0    0    5    3    -2.5590135    0.0000000
    0    0    0    6    3    -3.0362872    0.0000000
    0    0    0    7    3    -0.9746887    0.0000000
    0    0    0    8    3    0.0000000    0.0000000
    0    0    0    1    4    0.0000000    0.0000000
    0    0    0    2    4    0.0000000    0.0000000
    0    0    0    3    4    0.0000000    0.0000000
    0    0    0    4    4    0.0000000    0.0000000
    0    0    0    5    4    0.0000000    0.0000000
    0    0    0    6    4    0.0000000    0.0000000
    0    0    0    7    4    0.0000000    0.0000000
    0    0    0    8    4    -2.7276900    0.0000000
    0    0    0    1    5    -5.2939000    0.0000000
    0    0    0    2    5    4.4323414    0.0000000
    0    0    0    3    5    -2.5590135    0.0000000
    0    0    0    4    5    0.0000000    0.0000000
    0    0    0    5    5    -3.6842000    0.0000000
    0    0    0    6    5    0.0000000    0.0000000
    0    0    0    7    5    0.0000000    0.0000000
    0    0    0    8    5    0.0000000    0.0000000
    0    0    0    1    6    -4.4323414    0.0000000
    0    0    0    2    6    2.5313138    0.0000000
    0    0    0    3    6    -3.0362872    0.0000000
    0    0    0    4    6    0.0000000    0.0000000
    0    0    0    5    6    0.0000000    0.0000000
    0    0    0    6    6    0.0000000    0.0000000
    0    0    0    7    6    0.0000000    0.0000000
    0    0    0    8    6    0.0000000    0.0000000
    0    0    0    1    7    2.5590135    0.0000000
    0    0    0    2    7    -3.0362872    0.0000000
    0    0    0    3    7    -0.9746887    0.0000000
    0    0    0    4    7    0.0000000    0.0000000
    0    0    0    5    7    0.0000000    0.0000000
    0    0    0    6    7    0.0000000    0.0000000
    0    0    0    7    7    0.0000000    0.0000000
    0    0    0    8    7    0.0000000    0.0000000
    0    0    0    1    8    0.0000000    0.0000000
    0    0    0    2    8    0.0000000    0.0000000
    0    0    0    3    8    0.0000000    0.0000000
    0    0    0    4    8    -2.7276900    0.0000000
    0    0    0    5    8    0.0000000    0.0000000
    0    0    0    6    8    0.0000000    0.0000000
    0    0    0    7    8    0.0000000    0.0000000
    0    0    0    8    8    0.0000000    0.0000000
    -1    0    0    1    1    0.0000000    0.0000000
    -1    0    0    2    1    0.0000000    0.0000000
    -1    0    0    3    1    0.0000000    0.0000000
    -1    0    0    4    1    0.0000000    0.0000000
    -1    0    0    5    1    -5.2939000    0.0000000
    -1    0    0    6    1    4.4323414    0.0000000
    -1    0    0    7    1    2.5590135    0.0000000
    -1    0    0    8    1    0.0000000    0.0000000
    -1    0    0    1    2    0.0000000    0.0000000
    -1    0    0    2    2    0.0000000    0.0000000
    -1    0    0    3    2    0.0000000    0.0000000
    -1    0    0    4    2    0.0000000    0.0000000
    -1    0    0    5    2    -4.4323414    0.0000000
    -1    0    0    6    2    2.5313138    0.0000000
    -1    0    0    7    2    3.0362872    0.0000000
    -1    0    0    8    2    0.0000000    0.0000000
    -1    0    0    1    3    0.0000000    0.0000000
    -1    0    0    2    3    0.0000000    0.0000000
    -1    0    0    3    3    0.0000000    0.0000000
    -1    0    0    4    3    0.0000000    0.0000000
    -1    0    0    5    3    -2.5590135    0.0000000
    -1    0    0    6    3    3.0362872    0.0000000
    -1    0    0    7    3    -0.9746887    0.0000000
    -1    0    0    8    3    0.0000000    0.0000000
    -1    0    0    1    4    0.0000000    0.0000000
    -1    0    0    2    4    0.0000000    0.0000000
    -1    0    0    3    4    0.0000000    0.0000000
    -1    0    0    4    4    0.0000000    0.0000000
    -1    0    0    5    4    0.0000000    0.0000000
    -1    0    0    6    4    0.0000000    0.0000000
    -1    0    0    7    4    0.0000000    0.0000000
    -1    0    0    8    4    -2.7276900    0.0000000
    -1    0    0    1    5    0.0000000    0.0000000
    -1    0    0    2    5    0.0000000    0.0000000
    -1    0    0    3    5    0.0000000    0.0000000
    -1    0    0    4    5    0.0000000    0.0000000
    -1    0    0    5    5    0.0000000    0.0000000
    -1    0    0    6    5    0.0000000    0.0000000
    -1    0    0    7    5    0.0000000    0.0000000
    -1    0    0    8    5    0.0000000    0.0000000
    -1    0    0    1    6    0.0000000    0.0000000
    -1    0    0    2    6    0.0000000    0.0000000
    -1    0    0    3    6    0.0000000    0.0000000
    -1    0    0    4    6    0.0000000    0.0000000
    -1    0    0    5    6    0.0000000    0.0000000
    -1    0    0    6    6    0.0000000    0.0000000
    -1    0    0    7    6    0.0000000    0.0000000
    -1    0    0    8    6    0.0000000    0.0000000
    -1    0    0    1    7    0.0000000    0.0000000
    -1    0    0    2    7    0.0000000    0.0000000
    -1    0    0    3    7    0.0000000    0.0000000
    -1    0    0    4    7    0.0000000    0.0000000
    -1    0    0    5    7    0.0000000    0.0000000
    -1    0    0    6    7    0.0000000    0.0000000
    -1    0    0    7    7    0.0000000    0.0000000
    -1    0    0    8    7    0.0000000    0.0000000
    -1    0    0    1    8    0.0000000    0.0000000
    -1    0    0    2    8    0.0000000    0.0000000
    -1    0    0    3    8    0.0000000    0.0000000
    -1    0    0    4    8    0.0000000    0.0000000
    -1    0    0    5    8    0.0000000    0.0000000
    -1    0    0    6    8    0.0000000    0.0000000
    -1    0    0    7    8    0.0000000    0.0000000
    -1    0    0    8    8    0.0000000    0.0000000
    0    1    0    1    1    0.0000000    0.0000000
    0    1    0    2    1    0.0000000    0.0000000
    0    1    0    3    1    0.0000000    0.0000000
    0    1    0    4    1    0.0000000    0.0000000
    0    1    0    5    1    -5.2939000    0.0000000
    0    1    0    6    1    0.0000000    0.0000000
    0    1    0    7    1    -5.1180270    0.0000000
    0    1    0    8    1    0.0000000    0.0000000
    0    1    0    1    2    0.0000000    0.0000000
    0    1    0    2    2    0.0000000    0.0000000
    0    1    0    3    2    0.0000000    0.0000000
    0    1    0    4    2    0.0000000    0.0000000
    0    1    0    5    2    -0.0000000    0.0000000
    0    1    0    6    2    -2.7276900    0.0000000
    0    1    0    7    2    -0.0000000    0.0000000
    0    1    0    8    2    0.0000000    0.0000000
    0    1    0    1    3    0.0000000    0.0000000
    0    1    0    2    3    0.0000000    0.0000000
    0    1    0    3    3    0.0000000    0.0000000
    0    1    0    4    3    0.0000000    0.0000000
    0    1    0    5    3    5.1180270    0.0000000
    0    1    0    6    3    -0.0000000    0.0000000
    0    1    0    7    3    4.2843150    0.0000000
    0    1    0    8    3    0.0000000    0.0000000
    0    1    0    1    4    0.0000000    0.0000000
    0    1    0    2    4    0.0000000    0.0000000
    0    1    0    3    4    0.0000000    0.0000000
    0    1    0    4    4    0.0000000    0.0000000
    0    1    0    5    4    0.0000000    0.0000000
    0    1    0    6    4    0.0000000    0.0000000
    0    1    0    7    4    0.0000000    0.0000000
    0    1    0    8    4    -2.7276900    0.0000000
    0    1    0    1    5    0.0000000    0.0000000
    0    1    0    2    5    0.0000000    0.0000000
    0    1    0    3    5    0.0000000    0.0000000
    0    1    0    4    5    0.0000000    0.0000000
    0    1    0    5    5    0.0000000    0.0000000
    0    1    0    6    5    0.0000000    0.0000000
    0    1    0    7    5    0.0000000    0.0000000
    0    1    0    8    5    0.0000000    0.0000000
    0    1    0    1    6    0.0000000    0.0000000
    0    1    0    2    6    0.0000000    0.0000000
    0    1    0    3    6    0.0000000    0.0000000
    0    1    0    4    6    0.0000000    0.0000000
    0    1    0    5    6    0.0000000    0.0000000
    0    1    0    6    6    0.0000000    0.0000000
    0    1    0    7    6    0.0000000    0.0000000
    0    1    0    8    6    0.0000000    0.0000000
    0    1    0    1    7    0.0000000    0.0000000
    0    1    0    2    7    0.0000000    0.0000000
    0    1    0    3    7    0.0000000    0.0000000
    0    1    0    4    7    0.0000000    0.0000000
    0    1    0    5    7    0.0000000    0.0000000
    0    1    0    6    7    0.0000000    0.0000000
    0    1    0    7    7    0.0000000    0.0000000
    0    1    0    8    7    0.0000000    0.0000000
    0    1    0    1    8    0.0000000    0.0000000
    0    1    0    2    8    0.0000000    0.0000000
    0    1    0    3    8    0.0000000    0.0000000
    0    1    0    4    8    0.0000000    0.0000000
    0    1    0    5    8    0.0000000    0.0000000
    0    1    0    6    8    0.0000000    0.0000000
    0    1    0    7    8    0.0000000    0.0000000
    0    1    0    8    8    0.0000000    0.0000000
    0    -1    0    1    1    0.0000000    0.0000000
    0    -1    0    2    1    0.0000000    0.0000000
    0    -1    0    3    1    0.0000000    0.0000000
    0    -1    0    4    1    0.0000000    0.0000000
    0    -1    0    5    1    0.0000000    0.0000000
    0    -1    0    6    1    0.0000000    0.0000000
    0    -1    0    7    1    0.0000000    0.0000000
    0    -1    0    8    1    0.0000000    0.0000000
    0    -1    0    1    2    0.0000000    0.0000000
    0    -1    0    2    2    0.0000000    0.0000000
    0    -1    0    3    2    0.0000000    0.0000000
    0    -1    0    4    2    0.0000000    0.0000000
    0    -1    0    5    2    0.0000000    0.0000000
    0    -1    0    6    2    0.0000000    0.0000000
    0    -1    0    7    2    0.0000000    0.0000000
    0    -1    0    8    2    0.0000000    0.0000000
    0    -1    0    1    3    0.0000000    0.0000000
    0    -1    0    2    3    0.0000000    0.0000000
    0    -1    0    3    3    0.0000000    0.0000000
    0    -1    0    4    3    0.0000000    0.0000000
    0    -1    0    5    3    0.0000000    0.0000000
    0    -1    0    6    3    0.0000000    0.0000000
    0    -1    0    7    3    0.0000000    0.0000000
    0    -1    0    8    3    0.0000000    0.0000000
    0    -1    0    1    4    0.0000000    0.0000000
    0    -1    0    2    4    0.0000000    0.0000000
    0    -1    0    3    4    0.0000000    0.0000000
    0    -1    0    4    4    0.0000000    0.0000000
    0    -1    0    5    4    0.0000000    0.0000000
    0    -1    0    6    4    0.0000000    0.0000000
    0    -1    0    7    4    0.0000000    0.0000000
    0    -1    0    8    4    0.0000000    0.0000000
    0    -1    0    1    5    -5.2939000    0.0000000
    0    -1    0    2    5    -0.0000000    0.0000000
    0    -1    0    3    5    5.1180270    0.0000000
    0    -1    0    4    5    0.0000000    0.0000000
    0    -1    0    5    5    0.0000000    0.0000000
    0    -1    0    6    5    0.0000000    0.0000000
    0    -1    0    7    5    0.0000000    0.0000000
    0    -1    0    8    5    0.0000000    0.0000000
    0    -1    0    1    6    0.0000000    0.0000000
    0    -1    0    2    6    -2.7276900    0.0000000
    0    -1    0    3    6    -0.0000000    0.0000000
    0    -1    0    4    6    0.0000000    0.0000000
    0    -1    0    5    6    0.0000000    0.0000000
    0    -1    0    6    6    0.0000000    0.0000000
    0    -1    0    7    6    0.0000000    0.0000000
    0    -1    0    8    6    0.0000000    0.0000000
    0    -1    0    1    7    -5.1180270    0.0000000
    0    -1    0    2    7    -0.0000000    0.0000000
    0    -1    0    3    7    4.2843150    0.0000000
    0    -1    0    4    7    0.0000000    0.0000000
    0    -1    0    5    7    0.0000000    0.0000000
    0    -1    0    6    7    0.0000000    0.0000000
    0    -1    0    7    7    0.0000000    0.0000000
    0    -1    0    8    7    0.0000000    0.0000000
    0    -1    0    1    8    0.0000000    0.0000000
    0    -1    0    2    8    0.0000000    0.0000000
    0    -1    0    3    8    0.0000000    0.0000000
    0    -1    0    4    8    -2.7276900    0.0000000
    0    -1    0    5    8    0.0000000    0.0000000
    0    -1    0    6    8    0.0000000    0.0000000
    0    -1    0    7    8    0.0000000    0.0000000
    0    -1    0    8    8    0.0000000    0.0000000
    1    0    0    1    1    0.0000000    0.0000000
    1    0    0    2    1    0.0000000    0.0000000
    1    0    0    3    1    0.0000000    0.0000000
    1    0    0    4    1    0.0000000    0.0000000
    1    0    0    5    1    0.0000000    0.0000000
    1    0    0    6    1    0.0000000    0.0000000
    1    0    0    7    1    0.0000000    0.0000000
    1    0    0    8    1    0.0000000    0.0000000
    1    0    0    1    2    0.0000000    0.0000000
    1    0    0    2    2    0.0000000    0.0000000
    1    0    0    3    2    0.0000000    0.0000000
    1    0    0    4    2    0.0000000    0.0000000
    1    0    0    5    2    0.0000000    0.0000000
    1    0    0    6    2    0.0000000    0.0000000
    1    0    0    7    2    0.0000000    0.0000000
    1    0    0    8    2    0.0000000    0.0000000
    1    0    0    1    3    0.0000000    0.0000000
    1    0    0    2    3    0.0000000    0.0000000
    1    0    0    3    3    0.0000000    0.0000000
    1    0    0    4    3    0.0000000    0.0000000
    1    0    0    5    3    0.0000000    0.0000000
    1    0    0    6    3    0.0000000    0.0000000
    1    0    0    7    3    0.0000000    0.0000000
    1    0    0    8    3    0.0000000    0.0000000
    1    0    0    1    4    0.0000000    0.0000000
    1    0    0    2    4    0.0000000    0.0000000
    1    0    0    3    4    0.0000000    0.0000000
    1    0    0    4    4    0.0000000    0.0000000
    1    0    0    5    4    0.0000000    0.0000000
    1    0    0    6    4    0.0000000    0.0000000
    1    0    0    7    4    0.0000000    0.0000000
    1    0    0    8    4    0.0000000    0.0000000
    1    0    0    1    5    -5.2939000    0.0000000
    1    0    0    2    5    -4.4323414    0.0000000
    1    0    0    3    5    -2.5590135    0.0000000
    1    0    0    4    5    0.0000000    0.0000000
    1    0    0    5    5    0.0000000    0.0000000
    1    0    0    6    5    0.0000000    0.0000000
    1    0    0    7    5    0.0000000    0.0000000
    1    0    0    8    5    0.0000000    0.0000000
    1    0    0    1    6    4.4323414    0.0000000
    1    0    0    2    6    2.5313138    0.0000000
    1    0    0    3    6    3.0362872    0.0000000
    1    0    0    4    6    0.0000000    0.0000000
    1    0    0    5    6    0.0000000    0.0000000
    1    0    0    6    6    0.0000000    0.0000000
    1    0    0    7    6    0.0000000    0.0000000
    1    0    0    8    6    0.0000000    0.0000000
    1    0    0    1    7    2.5590135    0.0000000
    1    0    0    2    7    3.0362872    0.0000000
    1    0    0    3    7    -0.9746887    0.0000000
    1    0    0    4    7    0.0000000    0.0000000
    1    0    0    5    7    0.0000000    0.0000000
    1    0    0    6    7    0.0000000    0.0000000
    1    0    0    7    7    0.0000000    0.0000000
    1    0    0    8    7    0.0000000    0.0000000
    1    0    0    1    8    0.0000000    0.0000000
    1    0    0    2    8    0.0000000    0.0000000
    1    0    0    3    8    0.0000000    0.0000000
    1    0    0    4    8    -2.7276900    0.0000000
    1    0    0    5    8    0.0000000    0.0000000
    1    0    0    6    8    0.0000000    0.0000000
    1    0    0    7    8    0.0000000    0.0000000
    1    0    0    8    8    0.0000000    0.0000000
