# local minimal position and the related energy gap
#        kx            ky            kz           gap             E            k1            k2            k3
    0.66410314    0.34510791   -0.15960334    0.00075334    0.88988720    0.56901608   -0.43086143   -0.38090645
   -0.02186298   -0.73553321   -0.15954640    0.00000000    0.89559386   -0.41703244   -0.38411541    0.55848264
   -0.63760739    0.35613190   -0.15990122    0.00006423    0.90225963   -0.40627501    0.55371034   -0.39064021
    0.02044357    0.73445560    0.15801521    0.00000000    0.89641997    0.41471924    0.38393928   -0.55832222
    0.65711855   -0.34592602    0.16043927    0.00000000    0.89083544    0.42567165   -0.56368982    0.38204141
   -0.65525043    0.34620868   -0.15960847    0.00052496    0.89174989   -0.42372127    0.56282756   -0.38186591
   -0.65747590    0.34571644   -0.15957322    0.00058266    0.89097809   -0.42559267    0.56430683   -0.38142015
   -0.63491129    0.35904542   -0.15986612    0.00001554    0.90367960   -0.40296128    0.55296482   -0.39315502
   -0.62574910    0.38358158   -0.15852788    0.00053428    0.89722872   -0.38472131    0.55741014   -0.41380490
   -0.64448415    0.35074598   -0.15978278    0.00025714    0.89774841   -0.41373270    0.55660635   -0.38589839
    0.65797591    0.34565105   -0.15964415    0.00088361    0.89068818    0.56461885   -0.42603346   -0.38139927
   -0.63680981    0.35693239   -0.15988931    0.00004069    0.90272527   -0.40532064    0.55346388   -0.39133000
   -0.62748389    0.37268427   -0.15919006    0.00031258    0.90285977   -0.39109929    0.55364407   -0.40466800
   -0.63413182    0.36001053   -0.15985525    0.00004023    0.90398166   -0.40194951    0.55280300   -0.39398845
   -0.62857156    0.39866567   -0.15776170    0.00086359    0.89011392   -0.37990160    0.56647936   -0.42652848
   -0.64566936    0.35004880   -0.15975118    0.00028277    0.89696826   -0.41491192    0.55721159   -0.38527634
   -0.62964077    0.40105333   -0.15757637    0.00090682    0.88972572   -0.37957480    0.56841597   -0.42851003
   -0.62633007    0.39102312   -0.15805755    0.00070034    0.89310019   -0.38168589    0.56132027   -0.42003509
    0.65284702    0.34692276   -0.15966963    0.00099409    0.89258259    0.56129762   -0.42163261   -0.38251764
   -0.66058220    0.34527141   -0.15953968    0.00065982    0.89024473   -0.42810752    0.56646884   -0.38101630
    0.65758638    0.34570666   -0.15960009    0.00089440    0.89081125    0.56437212   -0.42569372   -0.38142527
   -0.62592495    0.38045803   -0.15871610    0.00046909    0.89902917   -0.38630670    0.55608950   -0.41118515
   -0.62580461    0.38630195   -0.15840271    0.00059407    0.89563385   -0.38351728    0.55869775   -0.41610615
   -0.02198536   -0.73561431   -0.15952663    0.00002719    0.89551170   -0.41714979   -0.38404850    0.55856316
   -0.64211814    0.35234265   -0.15988115    0.00018665    0.89932921   -0.41130747    0.55546930   -0.38733618
   -0.62613167    0.38966347   -0.15817208    0.00066935    0.89378517   -0.38218554    0.56052190   -0.41891127
   -0.63015761    0.40208916   -0.15751295    0.00093353    0.88963896   -0.37948153    0.56928741   -0.42937827
   -0.65851241    0.34552725   -0.15949492    0.00060714    0.89071516   -0.42641549    0.56504458   -0.38121599
   -0.62914070    0.36833168   -0.15957473    0.00022040    0.90412064   -0.39443333    0.55280452   -0.40107948
   -0.63397482    0.36021334   -0.15985777    0.00004729    0.90403302   -0.40174446    0.55277169   -0.39416602
   -0.64367571    0.35127730   -0.15984610    0.00022693    0.89827872   -0.41292528    0.55619658   -0.38639234
   -0.63904021    0.35480991   -0.15992269    0.00010574    0.90136400   -0.40793911    0.55420352   -0.38950194
   -0.62577479    0.38283079   -0.15859538    0.00051656    0.89765576   -0.38510118    0.55706894   -0.41318648
   -0.62669241    0.39284414   -0.15788115    0.00074260    0.89225848   -0.38107775    0.56247395   -0.42152861
   -0.62683976    0.37506945   -0.15913254    0.00036017    0.90179848   -0.38954855    0.55422500   -0.40671219
   -0.64002864    0.35395931   -0.15990820    0.00013028    0.90072786   -0.40904555    0.55458526   -0.38875520
   -0.63209851    0.36285006   -0.15975796    0.00010195    0.90452081   -0.39913536    0.55255579   -0.39640741
   -0.62763006    0.37226081   -0.15929926    0.00029618    0.90298469   -0.39144873    0.55351469   -0.40435527
   -0.63543487    0.35843081   -0.15987176    0.00000087    0.90345022   -0.40362543    0.55308898   -0.39262362
   -0.64035178    0.35368757   -0.15988714    0.00013988    0.90052158   -0.40939625    0.55472109   -0.38850830
   -0.62892600    0.39956304   -0.15762593    0.00088271    0.88995883   -0.37970956    0.56720504   -0.42723970
   -0.62783618    0.37161602   -0.15930780    0.00028564    0.90323275   -0.39188848    0.55338529   -0.40379910
   -0.63541456    0.35845400   -0.15987080    0.00000000    0.90346053   -0.40359957    0.55308426   -0.39264330
   -0.62585110    0.38132476   -0.15869063    0.00049024    0.89852233   -0.38586149    0.55642353   -0.41192564
   -0.63253287    0.36219009   -0.15977195    0.00008916    0.90445047   -0.39975628    0.55258884   -0.39584082
   -0.62602897    0.38894947   -0.15819866    0.00065213    0.89417549   -0.38243203    0.56012079   -0.41830409
   -0.64725440    0.34921538   -0.15980066    0.00032292    0.89591444   -0.41649246    0.55801749   -0.38457696
   -0.63457813    0.35944474   -0.15984462    0.00002562    0.90382302   -0.40252602    0.55289846   -0.39349124
   -0.63158753    0.36365720   -0.15973077    0.00011945    0.90457426   -0.39838609    0.55253572   -0.39709525
    0.03269965   -0.74610779   -0.15760660    0.00097568    0.88959200   -0.37957011   -0.42880290    0.56865818
    0.65710612   -0.34592813    0.16044823    0.00001848    0.89082549    0.42566591   -0.56367684    0.38204779
   -0.64382201    0.35117902   -0.15985438    0.00023427    0.89817289   -0.41308232    0.55625980   -0.38631111
   -0.63688824    0.35685794   -0.15991116    0.00004656    0.90266976   -0.40542311    0.55347949   -0.39127637
   -0.62740496    0.37300908   -0.15930318    0.00031831    0.90266761   -0.39095606    0.55366847   -0.40500770
   -0.66153054    0.34519329   -0.15944925    0.00068154    0.89014298   -0.42880955    0.56719465   -0.38090254
   -0.62754351    0.37253849   -0.15929688    0.00030379    0.90287163   -0.39126169    0.55357143   -0.40459544
   -0.63112338    0.36441373   -0.15968575    0.00014782    0.90459402   -0.39768506    0.55253794   -0.39773004
   -0.62578143    0.38266288   -0.15857758    0.00051545    0.89776426   -0.38517014    0.55700998   -0.41303150
   -0.62734590    0.37317417   -0.15923800    0.00031789    0.90263023   -0.39080679    0.55372881   -0.40511816
   -0.62703462    0.37429342   -0.15917217    0.00034170    0.90215429   -0.39005262    0.55401431   -0.40605770
   -0.02159586   -0.73534926   -0.15953609    0.00003109    0.89575330   -0.41674616   -0.38423132    0.55832797
   -0.62590480    0.38746881   -0.15837529    0.00062797    0.89494675   -0.38307164    0.55929422   -0.41710655
   -0.63020464    0.40214923   -0.15751275    0.00092832    0.88964045   -0.37949071    0.56934902   -0.42943039
   -0.65498788    0.34625492   -0.15955389    0.00052521    0.89187160   -0.42347585    0.56267768   -0.38187843
   -0.62898037    0.36867619   -0.15951341    0.00022205    0.90407021   -0.39413181    0.55286465   -0.40134787
   -0.62737480    0.37312100   -0.15929631    0.00031626    0.90262382   -0.39088122    0.55369790   -0.40510150
   -0.63279328    0.36181555   -0.15979419    0.00007995    0.90438966   -0.40012639    0.55261082   -0.39552653
   -0.62990976    0.36668020   -0.15962331    0.00018332    0.90442359   -0.39575471    0.55264106   -0.39966854
   -0.63787408    0.35586884   -0.15986812    0.00007420    0.90211321   -0.40657333    0.55381356   -0.39039476
   -0.62900500    0.36861206   -0.15949468    0.00022083    0.90409557   -0.39416873    0.55286482   -0.40128262
   -0.63541790    0.35845017   -0.15987089    0.00000011    0.90345888   -0.40360379    0.55308506   -0.39264002
   -0.62701286    0.37437234   -0.15916874    0.00034589    0.90211782   -0.39000020    0.55403397   -0.40612457
   -0.62929105    0.36797261   -0.15954644    0.00020798    0.90422090   -0.39468824    0.55277599   -0.40075301
   -0.62629359    0.37776662   -0.15893478    0.00040746    0.90047766   -0.38786486    0.55508638   -0.40895647
   -0.62846104    0.39840731   -0.15773535    0.00085583    0.89019426   -0.37991734    0.56629723   -0.42629054
   -0.63086602    0.36488710   -0.15968899    0.00014618    0.90457482   -0.39728721    0.55254830   -0.39814317
   -0.62965020    0.36719024   -0.15956219    0.00019441    0.90437018   -0.39530664    0.55269833   -0.40008091
   -0.63327105    0.36113989   -0.15980827    0.00006771    0.90426900   -0.40078685    0.55266969   -0.39494634
   -0.63213771    0.36278648   -0.15974343    0.00010243    0.90452224   -0.39918514    0.55256504   -0.39634478
   -0.63528132    0.35860854   -0.15987131    0.00000485    0.90351911   -0.40343235    0.55305086   -0.39277789
    0.65711033    0.34579342   -0.15956255    0.00090120    0.89096919    0.56407049   -0.42527860   -0.38148165
   -0.62650934    0.39194229   -0.15808771    0.00073670    0.89260452   -0.38143663    0.56183944   -0.42084938
    0.65703687    0.34580625   -0.15959432    0.00091083    0.89097291    0.56400466   -0.42523383   -0.38150892
   -0.62976093    0.36696402   -0.15956561    0.00018870    0.90440768   -0.39549005    0.55268164   -0.39988601
   -0.63606779    0.35772223   -0.15988223    0.00001898    0.90312902   -0.40441516    0.55325217   -0.39201300
   -0.63552853    0.35832348   -0.15987437    0.00000515    0.90340304   -0.40374390    0.55311151   -0.39253165
    0.02045330    0.73446133    0.15801566    0.00000296    0.89641253    0.41472928    0.38393468   -0.55832697
   -0.62768962    0.37211013   -0.15933712    0.00029156    0.90302531   -0.39157826    0.55347485   -0.40424348
   -0.02138444   -0.73521288   -0.15954939    0.00004969    0.89587135   -0.41653448   -0.38433795    0.55820267
   -0.62661869    0.37617653   -0.15916842    0.00038709    0.90121463   -0.38891915    0.55452157   -0.40769272
   -0.66159417    0.34520127   -0.15954670    0.00067839    0.89009658   -0.42890339    0.56719661   -0.38095889
   -0.02110509   -0.73501676   -0.15947998    0.00009056    0.89606168   -0.41620376   -0.38442781    0.55806739
   -0.62669197    0.39285432   -0.15791206    0.00074376    0.89223957   -0.38108867    0.56246237   -0.42155312
   -0.01967467   -0.73412743   -0.15946889    0.00022357    0.89690683   -0.41473478   -0.38511248    0.55729995
   -0.64767778    0.34898612   -0.15970053    0.00033555    0.89568543   -0.41686007    0.55828734   -0.38432690
   -0.63830921    0.35546543   -0.15991515    0.00008642    0.90182672   -0.40710008    0.55394195   -0.39006793
   -0.63177820    0.36335562   -0.15976413    0.00011661    0.90454579   -0.39867762    0.55253127   -0.39685001
   -0.62841173    0.39831524   -0.15773673    0.00085941    0.89021478   -0.37992094    0.56621939   -0.42621121
   -0.63612429    0.35765893   -0.15987986    0.00002174    0.90310013   -0.40448401    0.55326838   -0.39195676
   -0.63377990    0.36046833   -0.15984743    0.00005184    0.90410167   -0.40148165    0.55274102   -0.39438243
   -0.62686379    0.39363391   -0.15783154    0.00077322    0.89190370   -0.38083836    0.56297138   -0.42218997
   -0.62968718    0.40114987   -0.15760880    0.00091154    0.88969711   -0.37958422    0.56847643   -0.42861038
   -0.62644274    0.39155865   -0.15810276    0.00071448    0.89279983   -0.38156087    0.56161493   -0.42052353
   -0.01438773   -0.73153370   -0.15949435    0.00066358    0.89979208   -0.40964035   -0.38797810    0.55503241
   -0.62693991    0.37463862   -0.15910495    0.00034785    0.90202259   -0.38979721    0.55412713   -0.40632370
   -0.62605792    0.37926769   -0.15878687    0.00044511    0.89969401   -0.38696004    0.55563636   -0.41018630
   -0.62584155    0.38194475   -0.15875180    0.00050291    0.89811676   -0.38561585    0.55665480   -0.41249559
   -0.65385304    0.34660091   -0.15969305    0.00049524    0.89230469   -0.42254171    0.56190320   -0.38224974
   -0.02138168   -0.73520958   -0.15953445    0.00004864    0.89588030   -0.41652340   -0.38433102    0.55820738
   -0.62704899    0.37424781   -0.15914025    0.00033615    0.90219116   -0.39006708    0.55402150   -0.40600188
   -0.62576498    0.38361092   -0.15862348    0.00053817    0.89716465   -0.38476898    0.55738638   -0.41387887
   -0.63519297    0.35871035   -0.15986806    0.00000805    0.90355899   -0.40331995    0.55303025   -0.39286475
    0.03307903   -0.74667191   -0.15748420    0.00096073    0.88961544   -0.37946764   -0.42927162    0.56921060
   -0.62650716    0.39192198   -0.15805181    0.00072229    0.89263749   -0.38142562    0.56184717   -0.42081353
   -0.62983333    0.36681358   -0.15956160    0.00018690    0.90443379   -0.39560791    0.55267279   -0.39975320
   -0.63109300    0.36447440   -0.15966620    0.00013956    0.90460362   -0.39762590    0.55255135   -0.39777287
   -0.62576025    0.38551316   -0.15839818    0.00057754    0.89611165   -0.38382441    0.55832382   -0.41541819
   -0.62773637    0.39654077   -0.15769077    0.00082161    0.89079093   -0.38016046    0.56496304   -0.42464542
   -0.62779170    0.37177664   -0.15934525    0.00028718    0.90315295   -0.39180417    0.55340262   -0.40395771
    0.03163433   -0.74450050   -0.15741109    0.00099806    0.88987178   -0.37957439   -0.42720322    0.56736015
   -0.62606218    0.37928422   -0.15882975    0.00044359    0.89966519   -0.38697781    0.55562502   -0.41022241
   -0.63518906    0.35871537   -0.15986919    0.00000810    0.90356019   -0.40331540    0.55302892   -0.39286968
   -0.65121357    0.34747214   -0.15973321    0.00042878    0.89359325   -0.42019640    0.56027450   -0.38302743
   -0.63536770    0.35850797   -0.15986954    0.00000165    0.90348195   -0.40354019    0.55307307   -0.39268957
    0.65654180    0.34594722   -0.15971038    0.00091464    0.89109016    0.56363440   -0.42485872   -0.38169030
   -0.62929841    0.40035055   -0.15760443    0.00089335    0.88982048   -0.37963675    0.56783856   -0.42791335
   -0.62606041    0.37942568   -0.15886591    0.00044271    0.89956594   -0.38693333    0.55566684   -0.41036371
   -0.62790806    0.39692774   -0.15787212    0.00083412    0.89057813   -0.38021346    0.56516853   -0.42507374
   -0.63154609    0.36371696   -0.15970174    0.00012270    0.90458959   -0.39831421    0.55254521   -0.39713247
   -0.62744731    0.37286030   -0.15928029    0.00030778    0.90274528   -0.39104099    0.55364729   -0.40486676
   -0.62580554    0.38202086   -0.15862709    0.00050171    0.89813272   -0.38549244    0.55672400   -0.41249852
    0.02044224    0.73445487    0.15801557    0.00000040    0.89642039    0.41471810    0.38394016   -0.55832140
   -0.63386680    0.36034856   -0.15983796    0.00004632    0.90408020   -0.40159432    0.55275918   -0.39427351
   -0.62999615    0.36649079   -0.15959445    0.00017980    0.90446729   -0.39588743    0.55263841   -0.39948926
   -0.66104561    0.34524258   -0.15952607    0.00066596    0.89018150   -0.42846201    0.56681207   -0.38098433
   -0.63551572    0.35833851   -0.15987243    0.00000338    0.90341078   -0.40372674    0.55310939   -0.39254373
   -0.63125318    0.36421887   -0.15973647    0.00013450    0.90457249   -0.39789317    0.55252525   -0.39758638
   -0.02182165   -0.73550444   -0.15954147    0.00000622    0.89561923   -0.41698632   -0.38413152    0.55846013
   -0.62682568    0.39330842   -0.15794615    0.00074982    0.89201142   -0.38100925    0.56274311   -0.42196514
   -0.02195266   -0.73559377   -0.15953715    0.00001721    0.89553245   -0.41712158   -0.38406953    0.55853998
   -0.63541141    0.35845751   -0.15987056    0.00000043    0.90346189   -0.40359555    0.55308353   -0.39264622
   -0.63378747    0.36045192   -0.15983005    0.00004841    0.90410941   -0.40148567    0.55274839   -0.39435935
   -0.64227230    0.35223586   -0.15989040    0.00019138    0.89921980   -0.41147463    0.55553425   -0.38724804
   -0.02177423   -0.73547663   -0.15958721    0.00005536    0.89560438   -0.41696172   -0.38417831    0.55841277
   -0.63167233    0.36351155   -0.15972097    0.00011877    0.90457543   -0.39850828    0.55254123   -0.39696367
   -0.62885158    0.39939532   -0.15761381    0.00087762    0.89000145   -0.37972030    0.56708226   -0.42708776
   -0.62953894    0.40079265   -0.15768019    0.00090632    0.88971833   -0.37966407    0.56817338   -0.42833606
    0.65394452   -0.34671738    0.16063016    0.00040861    0.89159651    0.42303506   -0.56154758    0.38282609
   -0.63551600    0.35833818   -0.15987391    0.00000328    0.90341005   -0.40372785    0.55310871   -0.39254419
   -0.64969454    0.34808274   -0.15976823    0.00038856    0.89443242   -0.41880525    0.55937860   -0.38357595
    0.65465197    0.34636467   -0.15956942    0.00095734    0.89183487    0.56246463   -0.42318314   -0.38198170
   -0.63565650    0.35817823   -0.15987581    0.00000817    0.90333999   -0.40390409    0.55314399   -0.39240612
    0.65711617   -0.34592654    0.16043953    0.00000033    0.89083581    0.42566976   -0.56368813    0.38204199
    0.66126424    0.34520008   -0.15948449    0.00081670    0.89010303    0.56697926   -0.42862399   -0.38092632
    0.02013526    0.73426315    0.15799786    0.00004025    0.89659469    0.41439470    0.38407894   -0.55816372
   -0.63238935    0.36240044   -0.15974864    0.00009495    0.90448487   -0.39954500    0.55258405   -0.39601185
    0.01279312    0.73083750    0.15827189    0.00098216    0.90002786    0.40751756    0.38825616   -0.55504700
    0.02045398    0.73446242    0.15801677    0.00000182    0.89641198    0.41473083    0.38393520   -0.55832735
    0.01905603    0.73362840    0.15798161    0.00017475    0.89718314    0.41329813    0.38460726   -0.55762019
    0.01705257    0.73254088    0.15790762    0.00046347    0.89825228    0.41127974    0.38560529   -0.55671237
   -0.02663825   -0.73930509   -0.15946715    0.00059390    0.89245764   -0.42222647   -0.38211977    0.56180157
    0.65714608   -0.34592054    0.16044061    0.00000592    0.89082451    0.42569544   -0.56370749    0.38203732
    0.65711420   -0.34592707    0.16044009    0.00000089    0.89083584    0.42566833   -0.56368660    0.38204274
   -0.62634360    0.39104233   -0.15813267    0.00070626    0.89305382   -0.38172581    0.56130072   -0.42008988
    0.65711725   -0.34592626    0.16043930    0.00000022    0.89083566    0.42567058   -0.56368893    0.38204163
   -0.63537338    0.35850121   -0.15986983    0.00000135    0.90347936   -0.40354755    0.55307427   -0.39268384
   -0.64855930    0.34856774   -0.15974362    0.00036088    0.89511754   -0.41772736    0.55874726   -0.38398506
    0.65707955   -0.34593410    0.16043813    0.00000891    0.89084205    0.42563819   -0.56366456    0.38204786
    0.01610446    0.73212191    0.15794027    0.00052059    0.89872804    0.41040046    0.38615349   -0.55633162
    0.01593291    0.73203404    0.15790579    0.00054314    0.89882972    0.41021564    0.38622696   -0.55627272
    0.01943772    0.73387712    0.15810127    0.00015898    0.89690115    0.41375424    0.38448870   -0.55777574
    0.01477750    0.73148607    0.15756270    0.00072887    0.89952043    0.40893374    0.38668465   -0.55597034
    0.01318401    0.73095172    0.15796938    0.00083594    0.90005505    0.40770809    0.38785817   -0.55529966
    0.01423531    0.73126484    0.15776859    0.00079172    0.89968252    0.40853381    0.38710105   -0.55567364
    0.65749701   -0.34584216    0.16041223    0.00008251    0.89070508    0.42597930   -0.56395200    0.38195481
    0.01606773    0.73210728    0.15798240    0.00053552    0.89872217    0.41038781    0.38619615   -0.55629754
    0.01712202    0.73260820    0.15794482    0.00040176    0.89821399    0.41138014    0.38560114   -0.55675202
    0.02044116    0.73445411    0.15801478    0.00000081    0.89642121    0.41471656    0.38394023   -0.55832114
    0.01451897    0.73142477    0.15802799    0.00078416    0.89941112    0.40894837    0.38708853   -0.55568115
    0.01735729    0.73276741    0.15815415    0.00041710    0.89796643    0.41173259    0.38559935   -0.55678430
    0.02044494    0.73445648    0.15801509    0.00000046    0.89641895    0.41472060    0.38393857   -0.55832304
    0.01917056    0.73368523    0.15799014    0.00018717    0.89710816    0.41341338    0.38455007   -0.55766527
    0.01514399    0.73162701    0.15766863    0.00069040    0.89930809    0.40932460    0.38652371   -0.55603914
    0.66219470    0.34516700   -0.15957955    0.00078624    0.88997679    0.56761714   -0.42938701   -0.38094575
    0.65712892   -0.34592378    0.16043752    0.00000180    0.89083250    0.42567954   -0.56369755    0.38203858
    0.01171157    0.73039120    0.15778678    0.00099619    0.90075295    0.40626344    0.38863043   -0.55490499
    0.01854189    0.73333050    0.15798333    0.00027494    0.89744240    0.41278249    0.38486571   -0.55736037
    0.65709672   -0.34593073    0.16044114    0.00000303    0.89083904    0.42565412   -0.56367449    0.38204645
    0.02044297    0.73445495    0.15801435    0.00000105    0.89642028    0.41471807    0.38393901   -0.55832208
    0.02044585    0.73445710    0.15801527    0.00000061    0.89641823    0.41472164    0.38393825   -0.55832349
    0.01762792    0.73280116    0.15775591    0.00042040    0.89801881    0.41174908    0.38520838   -0.55701553
    0.02044692    0.73445754    0.15801390    0.00000178    0.89641766    0.41472194    0.38393695   -0.55832457
    0.65717092   -0.34591928    0.16047081    0.00004002    0.89078831    0.42573000   -0.56371033    0.38205154
    0.01410825    0.73125369    0.15797942    0.00081462    0.89962895    0.40854019    0.38729874   -0.55555706
    0.65844450   -0.34567354    0.16038601    0.00019661    0.89043761    0.42675256   -0.56460528    0.38179494
    0.01668696    0.73239435    0.15799225    0.00047132    0.89840671    0.41098373    0.38585975   -0.55654208
   -0.65589191    0.34605770   -0.15958940    0.00054172    0.89151221   -0.42426012    0.56325452   -0.38172500
    0.65419338    0.34650726   -0.15959905    0.00096535    0.89201458    0.56216635   -0.42279096   -0.38212067
   -0.66253744   -0.34524620    0.16010597    0.00096792    0.88977108   -0.56764269    0.42987750    0.38128148
   -0.66208280    0.34516641   -0.15955652    0.00069091    0.89003423   -0.42929135    0.56754432   -0.38093356
   -0.65464906    0.34634547   -0.15954405    0.00051350    0.89201804   -0.42317644    0.56246696   -0.38195216
    0.03309390   -0.74670168   -0.15750454    0.00096051    0.88960622   -0.37947970   -0.42930607    0.56922617
    0.65716135   -0.34591693    0.16043111    0.00000925    0.89082285    0.42570368   -0.56372224    0.38202937
    0.65711972   -0.34592541    0.16043652    0.00000273    0.89083489    0.42567140   -0.56369184    0.38203948
   -0.66163472    0.34518971   -0.15956449    0.00068530    0.89007849   -0.42894795    0.56721309   -0.38095785
   -0.66064105    0.34525681   -0.15948970    0.00066021    0.89025538   -0.42813283    0.56653213   -0.38097827
    0.66125345    0.34519972   -0.15945705    0.00081305    0.89011834    0.56698489   -0.42860211   -0.38091208
   -0.01928907   -0.73391831   -0.15950351    0.00024624    0.89711725   -0.41437116   -0.38532942    0.55710061
    0.01863469    0.73339117    0.15800549    0.00024649    0.89738853    0.41288995    0.38483345   -0.55740188
   -0.64641153    0.34965351   -0.15982094    0.00030309    0.89644956   -0.41567781    0.55756312   -0.38496809
   -0.63657766    0.35717619   -0.15989420    0.00003524    0.90285086   -0.40504239    0.55339260   -0.39154441
    0.01920969    0.73371491    0.15795892    0.00015597    0.89711062    0.41343991    0.38451769   -0.55770690
    0.02042676    0.73442671    0.15796182    0.00006846    0.89642497    0.41466696    0.38391232   -0.55832417
    0.65708638   -0.34593779    0.16047154    0.00002814    0.89081696    0.42565868   -0.56365437    0.38206800
    0.01424888    0.73132551    0.15787771    0.00072032    0.89964009    0.40862572    0.38717252   -0.55567106
    0.66300155   -0.34522602    0.16016268    0.00067807    0.88976293    0.43026440   -0.56795455    0.38129270
    0.01556278    0.73191045    0.15808783    0.00060154    0.89890697    0.40997558    0.38654417   -0.55607299
