23-Dec-2020
         4
         15
    1    1    1    1    1    1    1    1    1    1    1    1    1    1    1

    -1    0    -1    1    1    0.0000000    0.0000000
    -1    0    -1    2    1    0.0000000    0.0000000
    -1    0    -1    3    1    0.0000000    0.0000000
    -1    0    -1    4    1    -0.0000000    -0.5000000
    -1    0    -1    1    2    0.0000000    0.0000000
    -1    0    -1    2    2    0.0000000    0.0000000
    -1    0    -1    3    2    -0.0000000    -0.5000000
    -1    0    -1    4    2    0.0000000    0.0000000
    -1    0    -1    1    3    0.0000000    0.0000000
    -1    0    -1    2    3    -0.0000000    -0.5000000
    -1    0    -1    3    3    0.0000000    0.0000000
    -1    0    -1    4    3    0.0000000    0.0000000
    -1    0    -1    1    4    -0.0000000    -0.5000000
    -1    0    -1    2    4    0.0000000    0.0000000
    -1    0    -1    3    4    0.0000000    0.0000000
    -1    0    -1    4    4    0.0000000    0.0000000
    -1    0    0    1    1    -1.0000000    0.0000000
    -1    0    0    2    1    0.0000000    0.5000000
    -1    0    0    3    1    0.0000000    0.0000000
    -1    0    0    4    1    0.0000000    0.0000000
    -1    0    0    1    2    0.0000000    0.5000000
    -1    0    0    2    2    1.0000000    0.0000000
    -1    0    0    3    2    0.0000000    0.0000000
    -1    0    0    4    2    0.0000000    0.0000000
    -1    0    0    1    3    0.0000000    0.0000000
    -1    0    0    2    3    0.0000000    0.0000000
    -1    0    0    3    3    -1.0000000    0.0000000
    -1    0    0    4    3    -0.0000000    -0.5000000
    -1    0    0    1    4    0.0000000    0.0000000
    -1    0    0    2    4    0.0000000    0.0000000
    -1    0    0    3    4    -0.0000000    -0.5000000
    -1    0    0    4    4    1.0000000    0.0000000
    -1    0    1    1    1    0.0000000    0.0000000
    -1    0    1    2    1    0.0000000    0.0000000
    -1    0    1    3    1    0.0000000    0.0000000
    -1    0    1    4    1    0.0000000    0.5000000
    -1    0    1    1    2    0.0000000    0.0000000
    -1    0    1    2    2    0.0000000    0.0000000
    -1    0    1    3    2    0.0000000    0.5000000
    -1    0    1    4    2    0.0000000    0.0000000
    -1    0    1    1    3    0.0000000    0.0000000
    -1    0    1    2    3    0.0000000    0.5000000
    -1    0    1    3    3    0.0000000    0.0000000
    -1    0    1    4    3    0.0000000    0.0000000
    -1    0    1    1    4    0.0000000    0.5000000
    -1    0    1    2    4    0.0000000    0.0000000
    -1    0    1    3    4    0.0000000    0.0000000
    -1    0    1    4    4    0.0000000    0.0000000
    0    -1    -1    1    1    0.0000000    0.0000000
    0    -1    -1    2    1    0.0000000    0.0000000
    0    -1    -1    3    1    0.0000000    0.0000000
    0    -1    -1    4    1    0.0000000    0.5000000
    0    -1    -1    1    2    0.0000000    0.0000000
    0    -1    -1    2    2    0.0000000    0.0000000
    0    -1    -1    3    2    0.0000000    0.5000000
    0    -1    -1    4    2    0.0000000    0.0000000
    0    -1    -1    1    3    0.0000000    0.0000000
    0    -1    -1    2    3    0.0000000    0.5000000
    0    -1    -1    3    3    0.0000000    0.0000000
    0    -1    -1    4    3    0.0000000    0.0000000
    0    -1    -1    1    4    0.0000000    0.5000000
    0    -1    -1    2    4    0.0000000    0.0000000
    0    -1    -1    3    4    0.0000000    0.0000000
    0    -1    -1    4    4    0.0000000    0.0000000
    0    -1    0    1    1    -1.0000000    0.0000000
    0    -1    0    2    1    0.5000000    0.0000000
    0    -1    0    3    1    0.0000000    0.0000000
    0    -1    0    4    1    0.0000000    0.0000000
    0    -1    0    1    2    -0.5000000    0.0000000
    0    -1    0    2    2    1.0000000    0.0000000
    0    -1    0    3    2    0.0000000    0.0000000
    0    -1    0    4    2    0.0000000    0.0000000
    0    -1    0    1    3    0.0000000    0.0000000
    0    -1    0    2    3    0.0000000    0.0000000
    0    -1    0    3    3    -1.0000000    0.0000000
    0    -1    0    4    3    0.5000000    0.0000000
    0    -1    0    1    4    0.0000000    0.0000000
    0    -1    0    2    4    0.0000000    0.0000000
    0    -1    0    3    4    -0.5000000    0.0000000
    0    -1    0    4    4    1.0000000    0.0000000
    0    -1    1    1    1    0.0000000    0.0000000
    0    -1    1    2    1    0.0000000    0.0000000
    0    -1    1    3    1    0.0000000    0.0000000
    0    -1    1    4    1    -0.0000000    -0.5000000
    0    -1    1    1    2    0.0000000    0.0000000
    0    -1    1    2    2    0.0000000    0.0000000
    0    -1    1    3    2    -0.0000000    -0.5000000
    0    -1    1    4    2    0.0000000    0.0000000
    0    -1    1    1    3    0.0000000    0.0000000
    0    -1    1    2    3    -0.0000000    -0.5000000
    0    -1    1    3    3    0.0000000    0.0000000
    0    -1    1    4    3    0.0000000    0.0000000
    0    -1    1    1    4    -0.0000000    -0.5000000
    0    -1    1    2    4    0.0000000    0.0000000
    0    -1    1    3    4    0.0000000    0.0000000
    0    -1    1    4    4    0.0000000    0.0000000
    0    0    -1    1    1    -1.0000000    0.0000000
    0    0    -1    2    1    0.0000000    0.0000000
    0    0    -1    3    1    0.0000000    0.0000000
    0    0    -1    4    1    0.0000000    0.0000000
    0    0    -1    1    2    0.0000000    0.0000000
    0    0    -1    2    2    1.0000000    0.0000000
    0    0    -1    3    2    0.0000000    0.0000000
    0    0    -1    4    2    0.0000000    0.0000000
    0    0    -1    1    3    0.0000000    0.0000000
    0    0    -1    2    3    0.0000000    0.0000000
    0    0    -1    3    3    -1.0000000    0.0000000
    0    0    -1    4    3    0.0000000    0.0000000
    0    0    -1    1    4    0.0000000    0.0000000
    0    0    -1    2    4    0.0000000    0.0000000
    0    0    -1    3    4    0.0000000    0.0000000
    0    0    -1    4    4    1.0000000    0.0000000
    0    0    0    1    1    5.5000000    0.0000000
    0    0    0    2    1    0.0000000    0.0000000
    0    0    0    3    1    0.0000000    0.0000000
    0    0    0    4    1    0.0000000    0.0000000
    0    0    0    1    2    0.0000000    0.0000000
    0    0    0    2    2    -5.5000000    0.0000000
    0    0    0    3    2    0.0000000    0.0000000
    0    0    0    4    2    0.0000000    0.0000000
    0    0    0    1    3    0.0000000    0.0000000
    0    0    0    2    3    0.0000000    0.0000000
    0    0    0    3    3    5.5000000    0.0000000
    0    0    0    4    3    0.0000000    0.0000000
    0    0    0    1    4    0.0000000    0.0000000
    0    0    0    2    4    0.0000000    0.0000000
    0    0    0    3    4    0.0000000    0.0000000
    0    0    0    4    4    -5.5000000    0.0000000
    0    0    1    1    1    -1.0000000    0.0000000
    0    0    1    2    1    0.0000000    0.0000000
    0    0    1    3    1    0.0000000    0.0000000
    0    0    1    4    1    0.0000000    0.0000000
    0    0    1    1    2    0.0000000    0.0000000
    0    0    1    2    2    1.0000000    0.0000000
    0    0    1    3    2    0.0000000    0.0000000
    0    0    1    4    2    0.0000000    0.0000000
    0    0    1    1    3    0.0000000    0.0000000
    0    0    1    2    3    0.0000000    0.0000000
    0    0    1    3    3    -1.0000000    0.0000000
    0    0    1    4    3    0.0000000    0.0000000
    0    0    1    1    4    0.0000000    0.0000000
    0    0    1    2    4    0.0000000    0.0000000
    0    0    1    3    4    0.0000000    0.0000000
    0    0    1    4    4    1.0000000    0.0000000
    0    1    -1    1    1    0.0000000    0.0000000
    0    1    -1    2    1    0.0000000    0.0000000
    0    1    -1    3    1    0.0000000    0.0000000
    0    1    -1    4    1    0.0000000    0.5000000
    0    1    -1    1    2    0.0000000    0.0000000
    0    1    -1    2    2    0.0000000    0.0000000
    0    1    -1    3    2    0.0000000    0.5000000
    0    1    -1    4    2    0.0000000    0.0000000
    0    1    -1    1    3    0.0000000    0.0000000
    0    1    -1    2    3    0.0000000    0.5000000
    0    1    -1    3    3    0.0000000    0.0000000
    0    1    -1    4    3    0.0000000    0.0000000
    0    1    -1    1    4    0.0000000    0.5000000
    0    1    -1    2    4    0.0000000    0.0000000
    0    1    -1    3    4    0.0000000    0.0000000
    0    1    -1    4    4    0.0000000    0.0000000
    0    1    0    1    1    -1.0000000    0.0000000
    0    1    0    2    1    -0.5000000    0.0000000
    0    1    0    3    1    0.0000000    0.0000000
    0    1    0    4    1    0.0000000    0.0000000
    0    1    0    1    2    0.5000000    0.0000000
    0    1    0    2    2    1.0000000    0.0000000
    0    1    0    3    2    0.0000000    0.0000000
    0    1    0    4    2    0.0000000    0.0000000
    0    1    0    1    3    0.0000000    0.0000000
    0    1    0    2    3    0.0000000    0.0000000
    0    1    0    3    3    -1.0000000    0.0000000
    0    1    0    4    3    -0.5000000    0.0000000
    0    1    0    1    4    0.0000000    0.0000000
    0    1    0    2    4    0.0000000    0.0000000
    0    1    0    3    4    0.5000000    0.0000000
    0    1    0    4    4    1.0000000    0.0000000
    0    1    1    1    1    0.0000000    0.0000000
    0    1    1    2    1    0.0000000    0.0000000
    0    1    1    3    1    0.0000000    0.0000000
    0    1    1    4    1    -0.0000000    -0.5000000
    0    1    1    1    2    0.0000000    0.0000000
    0    1    1    2    2    0.0000000    0.0000000
    0    1    1    3    2    -0.0000000    -0.5000000
    0    1    1    4    2    0.0000000    0.0000000
    0    1    1    1    3    0.0000000    0.0000000
    0    1    1    2    3    -0.0000000    -0.5000000
    0    1    1    3    3    0.0000000    0.0000000
    0    1    1    4    3    0.0000000    0.0000000
    0    1    1    1    4    -0.0000000    -0.5000000
    0    1    1    2    4    0.0000000    0.0000000
    0    1    1    3    4    0.0000000    0.0000000
    0    1    1    4    4    0.0000000    0.0000000
    1    0    -1    1    1    0.0000000    0.0000000
    1    0    -1    2    1    0.0000000    0.0000000
    1    0    -1    3    1    0.0000000    0.0000000
    1    0    -1    4    1    -0.0000000    -0.5000000
    1    0    -1    1    2    0.0000000    0.0000000
    1    0    -1    2    2    0.0000000    0.0000000
    1    0    -1    3    2    -0.0000000    -0.5000000
    1    0    -1    4    2    0.0000000    0.0000000
    1    0    -1    1    3    0.0000000    0.0000000
    1    0    -1    2    3    -0.0000000    -0.5000000
    1    0    -1    3    3    0.0000000    0.0000000
    1    0    -1    4    3    0.0000000    0.0000000
    1    0    -1    1    4    -0.0000000    -0.5000000
    1    0    -1    2    4    0.0000000    0.0000000
    1    0    -1    3    4    0.0000000    0.0000000
    1    0    -1    4    4    0.0000000    0.0000000
    1    0    0    1    1    -1.0000000    0.0000000
    1    0    0    2    1    -0.0000000    -0.5000000
    1    0    0    3    1    0.0000000    0.0000000
    1    0    0    4    1    0.0000000    0.0000000
    1    0    0    1    2    -0.0000000    -0.5000000
    1    0    0    2    2    1.0000000    0.0000000
    1    0    0    3    2    0.0000000    0.0000000
    1    0    0    4    2    0.0000000    0.0000000
    1    0    0    1    3    0.0000000    0.0000000
    1    0    0    2    3    0.0000000    0.0000000
    1    0    0    3    3    -1.0000000    0.0000000
    1    0    0    4    3    0.0000000    0.5000000
    1    0    0    1    4    0.0000000    0.0000000
    1    0    0    2    4    0.0000000    0.0000000
    1    0    0    3    4    0.0000000    0.5000000
    1    0    0    4    4    1.0000000    0.0000000
    1    0    1    1    1    0.0000000    0.0000000
    1    0    1    2    1    0.0000000    0.0000000
    1    0    1    3    1    0.0000000    0.0000000
    1    0    1    4    1    0.0000000    0.5000000
    1    0    1    1    2    0.0000000    0.0000000
    1    0    1    2    2    0.0000000    0.0000000
    1    0    1    3    2    0.0000000    0.5000000
    1    0    1    4    2    0.0000000    0.0000000
    1    0    1    1    3    0.0000000    0.0000000
    1    0    1    2    3    0.0000000    0.5000000
    1    0    1    3    3    0.0000000    0.0000000
    1    0    1    4    3    0.0000000    0.0000000
    1    0    1    1    4    0.0000000    0.5000000
    1    0    1    2    4    0.0000000    0.0000000
    1    0    1    3    4    0.0000000    0.0000000
    1    0    1    4    4    0.0000000    0.0000000
